Left:
('D = ', [-0.3180761174014366, 0.10476442966636663, -0.0008218896285526929, 0.0011503129343734364, 0.0])
('K = ', [1512.145121274728, 0.0, 977.8707063782011, 0.0, 1488.2248300539331, 754.8699903774244, 0.0, 0.0, 1.0])
('R = ', [0.9997581952295838, 0.01649758998420981, -0.014538933798546075, -0.01657994213175178, 0.9998470729850325, -0.005562028602112072, 0.014444950335441336, 0.005801738358100153, 0.9998788342803496])
('P = ', [1378.4442535582696, 0.0, 1029.6173553466797, 0.0, 0.0, 1378.4442535582696, 774.5578079223633, 0.0, 0.0, 0.0, 1.0, 0.0])

Right:
('D = ', [-0.32655370270533407, 0.1243658023488403, -0.0007834704137236191, 0.0012982263342909035, 0.0])
('K = ', [1498.5540861058769, 0.0, 1017.2691091824172, 0.0, 1476.7295282519176, 800.5035379381675, 0.0, 0.0, 1.0])
('R = ', [0.9994669457989703, 0.029158089464182784, -0.014684347928217259, -0.029074167691258125, 0.9995598651187062, 0.005896508876807317, 0.014849815767841269, -0.00546643052387736, 0.9998747927160625])
('P = ', [1378.4442535582696, 0.0, 1029.6173553466797, -204.60518794211774, 0.0, 1378.4442535582696, 774.5578079223633, 0.0, 0.0, 0.0, 1.0, 0.0])
('self.T ', [-0.1483528418064447, -0.004327992488236357, 0.002179626604343984])
('self.R ', [0.9999218227927095, -0.01249477084527281, 0.000478544072702446, 0.012499431860740049, 0.999856328817303, -0.011449276271619183, -0.0003354192363514567, 0.011454362728203875, 0.9999343403786204])
None
# oST version 5.0 parameters


[image]

width
2048

height
1536

[narrow_stereo/left]

camera matrix
1512.145121 0.000000 977.870706
0.000000 1488.224830 754.869990
0.000000 0.000000 1.000000

distortion
-0.318076 0.104764 -0.000822 0.001150 0.000000

rectification
0.999758 0.016498 -0.014539
-0.016580 0.999847 -0.005562
0.014445 0.005802 0.999879

projection
1378.444254 0.000000 1029.617355 0.000000
0.000000 1378.444254 774.557808 0.000000
0.000000 0.000000 1.000000 0.000000

# oST version 5.0 parameters


[image]

width
2048

height
1536

[narrow_stereo/right]

camera matrix
1498.554086 0.000000 1017.269109
0.000000 1476.729528 800.503538
0.000000 0.000000 1.000000

distortion
-0.326554 0.124366 -0.000783 0.001298 0.000000

rectification
0.999467 0.029158 -0.014684
-0.029074 0.999560 0.005897
0.014850 -0.005466 0.999875

projection
1378.444254 0.000000 1029.617355 -204.605188
0.000000 1378.444254 774.557808 0.000000
0.000000 0.000000 1.000000 0.000000


('Wrote calibration data to', '/tmp/calibrationdata.tar.gz')

Left:
('D = ', [-0.3180761174014366, 0.10476442966636663, -0.0008218896285526929, 0.0011503129343734364, 0.0])
('K = ', [1512.145121274728, 0.0, 977.8707063782011, 0.0, 1488.2248300539331, 754.8699903774244, 0.0, 0.0, 1.0])
('R = ', [0.9997581952295838, 0.01649758998420981, -0.014538933798546075, -0.01657994213175178, 0.9998470729850325, -0.005562028602112072, 0.014444950335441336, 0.005801738358100153, 0.9998788342803496])
('P = ', [1378.4442535582696, 0.0, 1029.6173553466797, 0.0, 0.0, 1378.4442535582696, 774.5578079223633, 0.0, 0.0, 0.0, 1.0, 0.0])

Right:
('D = ', [-0.32655370270533407, 0.1243658023488403, -0.0007834704137236191, 0.0012982263342909035, 0.0])
('K = ', [1498.5540861058769, 0.0, 1017.2691091824172, 0.0, 1476.7295282519176, 800.5035379381675, 0.0, 0.0, 1.0])
('R = ', [0.9994669457989703, 0.029158089464182784, -0.014684347928217259, -0.029074167691258125, 0.9995598651187062, 0.005896508876807317, 0.014849815767841269, -0.00546643052387736, 0.9998747927160625])
('P = ', [1378.4442535582696, 0.0, 1029.6173553466797, -204.60518794211774, 0.0, 1378.4442535582696, 774.5578079223633, 0.0, 0.0, 0.0, 1.0, 0.0])
('self.T ', [-0.1483528418064447, -0.004327992488236357, 0.002179626604343984])
('self.R ', [0.9999218227927095, -0.01249477084527281, 0.000478544072702446, 0.012499431860740049, 0.999856328817303, -0.011449276271619183, -0.0003354192363514567, 0.011454362728203875, 0.9999343403786204])
# oST version 5.0 parameters


[image]

width
2048

height
1536

[narrow_stereo/left]

camera matrix
1512.145121 0.000000 977.870706
0.000000 1488.224830 754.869990
0.000000 0.000000 1.000000

distortion
-0.318076 0.104764 -0.000822 0.001150 0.000000

rectification
0.999758 0.016498 -0.014539
-0.016580 0.999847 -0.005562
0.014445 0.005802 0.999879

projection
1378.444254 0.000000 1029.617355 0.000000
0.000000 1378.444254 774.557808 0.000000
0.000000 0.000000 1.000000 0.000000

# oST version 5.0 parameters


[image]

width
2048

height
1536

[narrow_stereo/right]

camera matrix
1498.554086 0.000000 1017.269109
0.000000 1476.729528 800.503538
0.000000 0.000000 1.000000

distortion
-0.326554 0.124366 -0.000783 0.001298 0.000000

rectification
0.999467 0.029158 -0.014684
-0.029074 0.999560 0.005897
0.014850 -0.005466 0.999875

projection
1378.444254 0.000000 1029.617355 -204.605188
0.000000 1378.444254 774.557808 0.000000
0.000000 0.000000 1.000000 0.000000

